Classification Report for CNN+GRU (SMOTE)

              precision    recall  f1-score   support

           0       0.99      0.95      0.97     20000
           1       0.56      0.99      0.72       393
           2       1.00      0.99      0.99     20000
           3       0.99      0.99      0.99      2059
           4       0.99      1.00      1.00     20000
           5       0.98      0.99      0.98      1100
           6       0.99      0.98      0.98      1159
           7       0.99      0.99      0.99      1588
           8       0.50      0.50      0.50         2
           9       0.29      0.71      0.42         7
          10       0.99      1.00      0.99     20000
          11       0.96      1.00      0.98      1180
          12       0.64      0.59      0.61       302
          13       0.03      0.75      0.06         4
          14       0.33      0.60      0.43       130

    accuracy                           0.98     87924
   macro avg       0.75      0.87      0.77     87924
weighted avg       0.99      0.98      0.98     87924
