Classification Report for CNN+GRU (Tomek_IHT)

              precision    recall  f1-score   support

           0       0.97      0.96      0.97     20000
           1       0.92      0.67      0.77       393
           2       0.99      1.00      0.99     20000
           3       0.98      0.99      0.99      2059
           4       0.99      1.00      1.00     20000
           5       0.99      0.98      0.98      1100
           6       0.97      0.98      0.98      1159
           7       1.00      0.99      0.99      1588
           8       1.00      0.50      0.67         2
           9       0.00      0.00      0.00         7
          10       0.98      1.00      0.99     20000
          11       0.88      0.99      0.93      1180
          12       0.94      0.10      0.17       302
          13       0.00      0.00      0.00         4
          14       0.00      0.00      0.00       130

    accuracy                           0.98     87924
   macro avg       0.77      0.68      0.70     87924
weighted avg       0.98      0.98      0.98     87924
