Classification Report for DT (Tomek_IHT)

              precision    recall  f1-score   support

           0       0.99      0.99      0.99     20000
           1       0.90      0.90      0.90       393
           2       1.00      1.00      1.00     20000
           3       0.98      0.99      0.99      2059
           4       1.00      1.00      1.00     20000
           5       0.98      0.99      0.98      1100
           6       0.99      0.99      0.99      1159
           7       1.00      0.99      1.00      1588
           8       1.00      1.00      1.00         2
           9       1.00      0.14      0.25         7
          10       1.00      1.00      1.00     20000
          11       0.99      0.99      0.99      1180
          12       0.68      0.94      0.79       302
          13       0.20      1.00      0.33         4
          14       0.00      0.00      0.00       130

    accuracy                           0.99     87924
   macro avg       0.85      0.86      0.81     87924
weighted avg       0.99      0.99      0.99     87924
