Classification Report for RF (SMOTE)

              precision    recall  f1-score   support

           0       1.00      1.00      1.00     20000
           1       0.97      0.99      0.98       393
           2       1.00      1.00      1.00     20000
           3       1.00      1.00      1.00      2059
           4       1.00      1.00      1.00     20000
           5       0.99      0.99      0.99      1100
           6       1.00      0.99      0.99      1159
           7       1.00      1.00      1.00      1588
           8       1.00      1.00      1.00         2
           9       0.71      0.71      0.71         7
          10       1.00      1.00      1.00     20000
          11       1.00      1.00      1.00      1180
          12       0.76      0.67      0.71       302
          13       0.80      1.00      0.89         4
          14       0.39      0.52      0.44       130

    accuracy                           1.00     87924
   macro avg       0.91      0.92      0.91     87924
weighted avg       1.00      1.00      1.00     87924
