Classification Report for XGB (Tomek_IHT)

              precision    recall  f1-score   support

           0       0.99      1.00      0.99     20000
           1       0.98      0.94      0.96       393
           2       1.00      1.00      1.00     20000
           3       0.99      0.99      0.99      2059
           4       1.00      1.00      1.00     20000
           5       0.99      0.99      0.99      1100
           6       0.99      0.99      0.99      1159
           7       1.00      1.00      1.00      1588
           8       1.00      1.00      1.00         2
           9       0.50      0.14      0.22         7
          10       1.00      1.00      1.00     20000
          11       1.00      1.00      1.00      1180
          12       0.70      0.93      0.80       302
          13       0.31      1.00      0.47         4
          14       0.00      0.00      0.00       130

    accuracy                           1.00     87924
   macro avg       0.83      0.86      0.83     87924
weighted avg       0.99      1.00      0.99     87924
