              precision    recall  f1-score   support

           0     1.0000    1.0000    1.0000    251298
           1     0.9969    0.9971    0.9970     13411
           2     0.7595    0.9729    0.8531     10117
           3     0.9937    0.9974    0.9955     64326
           4     0.9929    0.9983    0.9956     14015
           5     0.9910    0.9306    0.9598     51833
           6     0.0000    0.0000    0.0000         0

    accuracy                         0.9899    405000
   macro avg     0.8191    0.8423    0.8287    405000
weighted avg     0.9915    0.9899    0.9902    405000
