              precision    recall  f1-score   support

           0     0.9999    1.0000    1.0000    251298
           1     0.9974    0.9825    0.9899     13411
           2     0.9479    0.8055    0.8709     10117
           3     0.9927    0.9883    0.9905     64326
           4     0.9578    0.9729    0.9653     14015
           5     0.9442    0.9765    0.9601     51833

    accuracy                         0.9887    405000
   macro avg     0.9733    0.9543    0.9628    405000
weighted avg     0.9888    0.9887    0.9886    405000
