              precision    recall  f1-score   support

           0     1.0000    1.0000    1.0000    251298
           1     0.9985    0.9979    0.9982     13411
           2     0.8634    0.9121    0.8871     10117
           3     0.9962    0.9988    0.9975     64326
           4     0.9988    0.9987    0.9988     14015
           5     0.9811    0.9674    0.9742     51833

    accuracy                         0.9933    405000
   macro avg     0.9730    0.9791    0.9760    405000
weighted avg     0.9935    0.9933    0.9934    405000
