              precision    recall  f1-score   support

           0     1.0000    1.0000    1.0000    251298
           1     0.9994    0.9859    0.9926     13411
           2     0.9687    0.8692    0.9163     10117
           3     0.9940    0.9934    0.9937     64326
           4     0.9961    0.9956    0.9959     14015
           5     0.9653    0.9888    0.9769     51833
           6     0.0000    0.0000    0.0000         0

    accuracy                         0.9936    405000
   macro avg     0.8462    0.8333    0.8393    405000
weighted avg     0.9937    0.9936    0.9936    405000
