              precision    recall  f1-score   support

           0     1.0000    1.0000    1.0000    251298
           1     0.9993    0.9981    0.9987     13411
           2     0.8644    0.9277    0.8950     10117
           3     0.9967    0.9988    0.9977     64326
           4     0.9994    0.9992    0.9993     14015
           5     0.9842    0.9678    0.9759     51833

    accuracy                         0.9938    405000
   macro avg     0.9740    0.9819    0.9778    405000
weighted avg     0.9940    0.9938    0.9939    405000
