              precision    recall  f1-score   support

           0     0.9999    1.0000    0.9999    251298
           1     0.9998    0.9857    0.9927     13411
           2     0.9608    0.8676    0.9119     10117
           3     0.9959    0.9930    0.9944     64326
           4     0.9987    0.9954    0.9970     14015
           5     0.9639    0.9896    0.9766     51833

    accuracy                         0.9936    405000
   macro avg     0.9865    0.9719    0.9788    405000
weighted avg     0.9936    0.9936    0.9935    405000
