              precision    recall  f1-score   support

           0     1.0000    1.0000    1.0000    251298
           1     0.9997    0.9857    0.9926     13411
           2     0.9451    0.8761    0.9093     10117
           3     0.9952    0.9938    0.9945     64326
           4     0.9969    0.9957    0.9963     14015
           5     0.9664    0.9857    0.9759     51833

    accuracy                         0.9935    405000
   macro avg     0.9839    0.9728    0.9781    405000
weighted avg     0.9934    0.9935    0.9934    405000
