              precision    recall  f1-score   support

           0     1.0000    1.0000    1.0000    251298
           1     0.9995    0.9981    0.9988     13411
           2     0.8056    0.9644    0.8779     10117
           3     0.9970    0.9985    0.9977     64326
           4     0.9988    0.9994    0.9991     14015
           5     0.9909    0.9511    0.9706     51833

    accuracy                         0.9925    405000
   macro avg     0.9653    0.9852    0.9740    405000
weighted avg     0.9934    0.9925    0.9928    405000
